        TIME,    TIDE,      OB,   SURGE,    BIAS,     TWL,SURGE90p,  TWL90p,SURGE10p,   TWL10p
202605100600,   3.263,   3.929,   0.400,   0.266,   3.929,   0.400,   3.929,   0.400,   3.929
202605100606,   3.282,9999.000,9999.000,9999.000,9999.000,9999.000,9999.000,9999.000,9999.000
202605100612,   3.299,   3.988,9999.000,9999.000,9999.000,9999.000,9999.000,9999.000,9999.000
202605100618,   3.312,9999.000,9999.000,9999.000,9999.000,9999.000,9999.000,9999.000,9999.000
202605100624,   3.324,   4.109,9999.000,9999.000,9999.000,9999.000,9999.000,9999.000,9999.000
202605100630,   3.333,9999.000,9999.000,9999.000,9999.000,9999.000,9999.000,9999.000,9999.000
202605100636,   3.340,   4.090,9999.000,9999.000,9999.000,9999.000,9999.000,9999.000,9999.000
202605100642,   3.345,9999.000,9999.000,9999.000,9999.000,9999.000,9999.000,9999.000,9999.000
202605100648,   3.347,   4.047,9999.000,9999.000,9999.000,9999.000,9999.000,9999.000,9999.000
202605100654,   3.348,9999.000,9999.000,9999.000,9999.000,9999.000,9999.000,9999.000,9999.000
202605100700,   3.346,   4.027,   0.400,   0.281,   4.027,   0.400,   4.027,   0.400,   4.027
202605100706,   3.342,   3.998,9999.000,9999.000,9999.000,9999.000,9999.000,9999.000,9999.000
202605100712,   3.336,   3.968,9999.000,9999.000,9999.000,9999.000,9999.000,9999.000,9999.000
202605100718,   3.328,   4.017,9999.000,9999.000,9999.000,9999.000,9999.000,9999.000,9999.000
202605100724,   3.318,   3.978,9999.000,9999.000,9999.000,9999.000,9999.000,9999.000,9999.000
202605100730,   3.306,   3.949,9999.000,9999.000,9999.000,9999.000,9999.000,9999.000,9999.000
202605100736,   3.292,   3.899,9999.000,9999.000,9999.000,9999.000,9999.000,9999.000,9999.000
202605100742,   3.276,   3.870,9999.000,9999.000,9999.000,9999.000,9999.000,9999.000,9999.000
202605100748,   3.259,   3.788,9999.000,9999.000,9999.000,9999.000,9999.000,9999.000,9999.000
202605100754,   3.239,   3.768,9999.000,9999.000,9999.000,9999.000,9999.000,9999.000,9999.000
202605100800,   3.217,   3.709,   0.400,   0.092,   3.709,   0.400,   3.709,   0.400,   3.709
202605100806,   3.194,   3.637,9999.000,9999.000,9999.000,9999.000,9999.000,9999.000,9999.000
202605100812,   3.169,   3.660,9999.000,9999.000,9999.000,9999.000,9999.000,9999.000,9999.000
202605100818,   3.142,   3.627,9999.000,9999.000,9999.000,9999.000,9999.000,9999.000,9999.000
202605100824,   3.113,   3.578,9999.000,9999.000,9999.000,9999.000,9999.000,9999.000,9999.000
202605100830,   3.082,   3.509,9999.000,9999.000,9999.000,9999.000,9999.000,9999.000,9999.000
202605100836,   3.050,   3.470,9999.000,9999.000,9999.000,9999.000,9999.000,9999.000,9999.000
202605100842,   3.016,   3.398,9999.000,9999.000,9999.000,9999.000,9999.000,9999.000,9999.000
202605100848,   2.980,   3.348,9999.000,9999.000,9999.000,9999.000,9999.000,9999.000,9999.000
202605100854,   2.943,   3.299,9999.000,9999.000,9999.000,9999.000,9999.000,9999.000,9999.000
202605100900,   2.905,   3.260,   0.400,  -0.045,   3.260,   0.400,   3.260,   0.400,   3.260
202605100906,   2.864,   3.197,9999.000,9999.000,9999.000,9999.000,9999.000,9999.000,9999.000
202605100912,   2.822,   3.129,9999.000,9999.000,9999.000,9999.000,9999.000,9999.000,9999.000
202605100918,   2.779,   3.079,9999.000,9999.000,9999.000,9999.000,9999.000,9999.000,9999.000
202605100924,   2.735,   3.007,9999.000,9999.000,9999.000,9999.000,9999.000,9999.000,9999.000
202605100930,   2.689,   2.948,9999.000,9999.000,9999.000,9999.000,9999.000,9999.000,9999.000
202605100936,   2.642,   2.899,9999.000,9999.000,9999.000,9999.000,9999.000,9999.000,9999.000
202605100942,   2.594,   2.850,9999.000,9999.000,9999.000,9999.000,9999.000,9999.000,9999.000
202605100948,   2.544,   2.787,9999.000,9999.000,9999.000,9999.000,9999.000,9999.000,9999.000
202605100954,   2.494,   2.709,9999.000,9999.000,9999.000,9999.000,9999.000,9999.000,9999.000
202605101000,   2.442,   2.660,   0.400,  -0.182,   2.660,   0.400,   2.660,   0.400,   2.660
202605101006,   2.390,   2.568,9999.000,9999.000,9999.000,9999.000,9999.000,9999.000,9999.000
202605101012,   2.337,   2.509,9999.000,9999.000,9999.000,9999.000,9999.000,9999.000,9999.000
202605101018,   2.283,   2.469,9999.000,9999.000,9999.000,9999.000,9999.000,9999.000,9999.000
202605101024,   2.229,   2.328,9999.000,9999.000,9999.000,9999.000,9999.000,9999.000,9999.000
202605101030,   2.174,   2.289,9999.000,9999.000,9999.000,9999.000,9999.000,9999.000,9999.000
202605101036,   2.118,   2.240,9999.000,9999.000,9999.000,9999.000,9999.000,9999.000,9999.000
202605101042,   2.063,   2.168,9999.000,9999.000,9999.000,9999.000,9999.000,9999.000,9999.000
202605101048,   2.007,   2.069,9999.000,9999.000,9999.000,9999.000,9999.000,9999.000,9999.000
202605101054,   1.951,   2.059,9999.000,9999.000,9999.000,9999.000,9999.000,9999.000,9999.000
202605101100,   1.895,   1.981,   0.400,  -0.314,   1.981,   0.400,   1.981,   0.400,   1.981
202605101106,   1.839,   1.918,9999.000,9999.000,9999.000,9999.000,9999.000,9999.000,9999.000
202605101112,   1.783,   1.849,9999.000,9999.000,9999.000,9999.000,9999.000,9999.000,9999.000
202605101118,   1.727,   1.790,9999.000,9999.000,9999.000,9999.000,9999.000,9999.000,9999.000
202605101124,   1.672,   1.699,9999.000,9999.000,9999.000,9999.000,9999.000,9999.000,9999.000
202605101130,   1.617,   1.610,9999.000,9999.000,9999.000,9999.000,9999.000,9999.000,9999.000
202605101136,   1.564,   1.557,9999.000,9999.000,9999.000,9999.000,9999.000,9999.000,9999.000
202605101142,   1.510,   1.489,9999.000,9999.000,9999.000,9999.000,9999.000,9999.000,9999.000
202605101148,   1.458,   1.420,9999.000,9999.000,9999.000,9999.000,9999.000,9999.000,9999.000
202605101154,   1.407,   1.371,9999.000,9999.000,9999.000,9999.000,9999.000,9999.000,9999.000
202605101200,   1.356,   1.318,   0.400,  -0.438,   1.318,   0.400,   1.318,   0.400,   1.318
202605101206,   1.307,   1.249,9999.000,9999.000,9999.000,9999.000,9999.000,9999.000,9999.000
202605101212,   1.260,   1.220,9999.000,9999.000,9999.000,9999.000,9999.000,9999.000,9999.000
202605101218,   1.214,   1.161,9999.000,9999.000,9999.000,9999.000,9999.000,9999.000,9999.000
202605101224,   1.169,   1.138,9999.000,9999.000,9999.000,9999.000,9999.000,9999.000,9999.000
202605101230,   1.126,   1.098,9999.000,9999.000,9999.000,9999.000,9999.000,9999.000,9999.000
202605101236,   1.085,   1.049,9999.000,9999.000,9999.000,9999.000,9999.000,9999.000,9999.000
202605101242,   1.045,   1.049,9999.000,9999.000,9999.000,9999.000,9999.000,9999.000,9999.000
202605101248,   1.008,   1.020,9999.000,9999.000,9999.000,9999.000,9999.000,9999.000,9999.000
202605101254,   0.973,   1.010,9999.000,9999.000,9999.000,9999.000,9999.000,9999.000,9999.000
202605101300,   0.940,   0.980,   0.400,  -0.360,   0.980,   0.400,   0.980,   0.400,   0.980
202605101306,   0.909,   0.951,9999.000,9999.000,9999.000,9999.000,9999.000,9999.000,9999.000
202605101312,   0.881,   0.908,9999.000,9999.000,9999.000,9999.000,9999.000,9999.000,9999.000
202605101318,   0.855,   0.898,9999.000,9999.000,9999.000,9999.000,9999.000,9999.000,9999.000
202605101324,   0.832,   0.941,9999.000,9999.000,9999.000,9999.000,9999.000,9999.000,9999.000
202605101330,   0.811,   0.928,9999.000,9999.000,9999.000,9999.000,9999.000,9999.000,9999.000
202605101336,   0.793,   0.879,9999.000,9999.000,9999.000,9999.000,9999.000,9999.000,9999.000
202605101342,   0.778,   0.888,9999.000,9999.000,9999.000,9999.000,9999.000,9999.000,9999.000
202605101348,   0.767,   0.908,9999.000,9999.000,9999.000,9999.000,9999.000,9999.000,9999.000
202605101354,   0.758,   0.928,9999.000,9999.000,9999.000,9999.000,9999.000,9999.000,9999.000
202605101400,   0.752,   0.961,   0.400,  -0.191,   0.961,   0.400,   0.961,   0.400,   0.961
202605101406,   0.750,   0.951,9999.000,9999.000,9999.000,9999.000,9999.000,9999.000,9999.000
202605101412,   0.751,   0.980,9999.000,9999.000,9999.000,9999.000,9999.000,9999.000,9999.000
202605101418,   0.755,   0.990,9999.000,9999.000,9999.000,9999.000,9999.000,9999.000,9999.000
202605101424,   0.763,   1.059,9999.000,9999.000,9999.000,9999.000,9999.000,9999.000,9999.000
202605101430,   0.774,   1.079,9999.000,9999.000,9999.000,9999.000,9999.000,9999.000,9999.000
202605101436,   0.789,   1.029,9999.000,9999.000,9999.000,9999.000,9999.000,9999.000,9999.000
202605101442,   0.808,   1.098,9999.000,9999.000,9999.000,9999.000,9999.000,9999.000,9999.000
202605101448,   0.830,   1.161,9999.000,9999.000,9999.000,9999.000,9999.000,9999.000,9999.000
202605101454,   0.857,   1.210,9999.000,9999.000,9999.000,9999.000,9999.000,9999.000,9999.000
202605101500,   0.886,   1.249,   0.400,  -0.037,   1.249,   0.300,   1.149,   0.400,   1.249
202605101506,   0.920,   1.308,9999.000,9999.000,9999.000,9999.000,9999.000,9999.000,9999.000
202605101512,   0.957,   1.380,9999.000,9999.000,9999.000,9999.000,9999.000,9999.000,9999.000
202605101518,   0.998,   1.538,9999.000,9999.000,9999.000,9999.000,9999.000,9999.000,9999.000
202605101524,   1.043,   1.571,9999.000,9999.000,9999.000,9999.000,9999.000,9999.000,9999.000
202605101530,   1.091,   1.649,9999.000,9999.000,9999.000,9999.000,9999.000,9999.000,9999.000
202605101536,   1.143,   1.600,9999.000,9999.000,9999.000,9999.000,9999.000,9999.000,9999.000
202605101542,   1.197,   1.669,9999.000,9999.000,9999.000,9999.000,9999.000,9999.000,9999.000
202605101548,   1.255,   1.738,9999.000,9999.000,9999.000,9999.000,9999.000,9999.000,9999.000
202605101554,   1.315,   1.790,9999.000,9999.000,9999.000,9999.000,9999.000,9999.000,9999.000
202605101600,   1.377,   1.840,   0.400,   0.063,   1.840,   0.300,   1.740,   0.400,   1.840
202605101606,   1.441,   1.938,9999.000,9999.000,9999.000,9999.000,9999.000,9999.000,9999.000
202605101612,   1.507,   2.010,9999.000,9999.000,9999.000,9999.000,9999.000,9999.000,9999.000
202605101618,   1.575,   2.168,9999.000,9999.000,9999.000,9999.000,9999.000,9999.000,9999.000
202605101624,   1.643,   2.220,9999.000,9999.000,9999.000,9999.000,9999.000,9999.000,9999.000
202605101630,   1.712,   2.289,9999.000,9999.000,9999.000,9999.000,9999.000,9999.000,9999.000
202605101636,   1.780,   2.240,9999.000,9999.000,9999.000,9999.000,9999.000,9999.000,9999.000
202605101642,   1.849,   2.289,9999.000,9999.000,9999.000,9999.000,9999.000,9999.000,9999.000
202605101648,   1.916,   2.358,9999.000,9999.000,9999.000,9999.000,9999.000,9999.000,9999.000
202605101654,   1.983,   2.430,9999.000,9999.000,9999.000,9999.000,9999.000,9999.000,9999.000
202605101700,   2.048,   2.469,   0.400,   0.021,   2.469,   0.300,   2.369,   0.400,   2.469
202605101706,   2.111,   2.509,9999.000,9999.000,9999.000,9999.000,9999.000,9999.000,9999.000
202605101712,   2.173,   2.568,9999.000,9999.000,9999.000,9999.000,9999.000,9999.000,9999.000
202605101718,   2.232,   2.728,9999.000,9999.000,9999.000,9999.000,9999.000,9999.000,9999.000
202605101724,   2.289,   2.807,9999.000,9999.000,9999.000,9999.000,9999.000,9999.000,9999.000
202605101730,   2.343,   2.909,9999.000,9999.000,9999.000,9999.000,9999.000,9999.000,9999.000
202605101736,   2.394,   2.860,9999.000,9999.000,9999.000,9999.000,9999.000,9999.000,9999.000
202605101742,   2.443,   2.889,9999.000,9999.000,9999.000,9999.000,9999.000,9999.000,9999.000
202605101748,   2.489,   2.929,9999.000,9999.000,9999.000,9999.000,9999.000,9999.000,9999.000
202605101754,   2.532,   2.938,9999.000,9999.000,9999.000,9999.000,9999.000,9999.000,9999.000
202605101800,   2.572,   3.007,   0.400,   0.035,   3.007,   0.400,   3.007,   0.400,   3.007
202605101806,   2.610,   3.030,9999.000,9999.000,9999.000,9999.000,9999.000,9999.000,9999.000
202605101812,   2.645,   3.197,9999.000,9999.000,9999.000,9999.000,9999.000,9999.000,9999.000
202605101818,   2.677,   3.217,9999.000,9999.000,9999.000,9999.000,9999.000,9999.000,9999.000
202605101824,   2.706,   3.270,9999.000,9999.000,9999.000,9999.000,9999.000,9999.000,9999.000
202605101830,   2.733,   3.309,9999.000,9999.000,9999.000,9999.000,9999.000,9999.000,9999.000
202605101836,   2.757,   3.260,9999.000,9999.000,9999.000,9999.000,9999.000,9999.000,9999.000
202605101842,   2.779,   3.250,9999.000,9999.000,9999.000,9999.000,9999.000,9999.000,9999.000
202605101848,   2.799,   3.240,9999.000,9999.000,9999.000,9999.000,9999.000,9999.000,9999.000
202605101854,   2.816,   3.299,9999.000,9999.000,9999.000,9999.000,9999.000,9999.000,9999.000
202605101900,   2.831,   3.319,   0.400,   0.088,   3.319,   0.400,   3.319,   0.400,   3.319
202605101906,   2.844,   3.309,9999.000,9999.000,9999.000,9999.000,9999.000,9999.000,9999.000
202605101912,   2.854,   3.289,9999.000,9999.000,9999.000,9999.000,9999.000,9999.000,9999.000
202605101918,   2.863,   3.339,9999.000,9999.000,9999.000,9999.000,9999.000,9999.000,9999.000
202605101924,   2.870,   3.309,9999.000,9999.000,9999.000,9999.000,9999.000,9999.000,9999.000
202605101930,   2.874,   3.309,9999.000,9999.000,9999.000,9999.000,9999.000,9999.000,9999.000
202605101936,   2.877,   3.260,9999.000,9999.000,9999.000,9999.000,9999.000,9999.000,9999.000
202605101942,   2.878,   3.309,9999.000,9999.000,9999.000,9999.000,9999.000,9999.000,9999.000
202605101948,   2.876,   3.289,9999.000,9999.000,9999.000,9999.000,9999.000,9999.000,9999.000
202605101954,   2.874,   3.299,9999.000,9999.000,9999.000,9999.000,9999.000,9999.000,9999.000
202605102000,   2.869,   3.230,   0.400,  -0.039,   3.230,   0.400,   3.230,   0.400,   3.230
202605102006,   2.862,   3.240,9999.000,9999.000,9999.000,9999.000,9999.000,9999.000,9999.000
202605102012,   2.854,   3.129,9999.000,9999.000,9999.000,9999.000,9999.000,9999.000,9999.000
202605102018,   2.844,   3.138,9999.000,9999.000,9999.000,9999.000,9999.000,9999.000,9999.000
202605102024,   2.833,   3.119,9999.000,9999.000,9999.000,9999.000,9999.000,9999.000,9999.000
202605102030,   2.819,   3.070,9999.000,9999.000,9999.000,9999.000,9999.000,9999.000,9999.000
202605102036,   2.804,   3.017,9999.000,9999.000,9999.000,9999.000,9999.000,9999.000,9999.000
202605102042,   2.788,   2.988,9999.000,9999.000,9999.000,9999.000,9999.000,9999.000,9999.000
202605102048,   2.769,   2.958,9999.000,9999.000,9999.000,9999.000,9999.000,9999.000,9999.000
202605102054,   2.750,   2.869,9999.000,9999.000,9999.000,9999.000,9999.000,9999.000,9999.000
202605102100,   2.728,   2.830,   0.400,  -0.298,   2.830,   0.300,   2.730,   0.400,   2.830
202605102106,   2.705,   2.787,9999.000,9999.000,9999.000,9999.000,9999.000,9999.000,9999.000
202605102112,   2.681,   2.758,9999.000,9999.000,9999.000,9999.000,9999.000,9999.000,9999.000
202605102118,   2.655,   2.719,9999.000,9999.000,9999.000,9999.000,9999.000,9999.000,9999.000
202605102124,   2.627,   2.640,9999.000,9999.000,9999.000,9999.000,9999.000,9999.000,9999.000
202605102130,   2.599,   2.568,9999.000,9999.000,9999.000,9999.000,9999.000,9999.000,9999.000
202605102136,   2.568,   2.519,9999.000,9999.000,9999.000,9999.000,9999.000,9999.000,9999.000
202605102142,   2.537,   2.469,9999.000,9999.000,9999.000,9999.000,9999.000,9999.000,9999.000
202605102148,   2.504,   2.420,9999.000,9999.000,9999.000,9999.000,9999.000,9999.000,9999.000
202605102154,   2.470,   2.348,9999.000,9999.000,9999.000,9999.000,9999.000,9999.000,9999.000
202605102200,   2.435,   2.269,   0.400,  -0.566,   2.269,   0.300,   2.169,   0.400,   2.269
202605102206,   2.399,   2.210,9999.000,9999.000,9999.000,9999.000,9999.000,9999.000,9999.000
202605102212,   2.361,   2.158,9999.000,9999.000,9999.000,9999.000,9999.000,9999.000,9999.000
202605102218,   2.323,   2.118,9999.000,9999.000,9999.000,9999.000,9999.000,9999.000,9999.000
202605102224,   2.284,   2.059,9999.000,9999.000,9999.000,9999.000,9999.000,9999.000,9999.000
202605102230,   2.244,   2.020,9999.000,9999.000,9999.000,9999.000,9999.000,9999.000,9999.000
202605102236,   2.203,   1.967,9999.000,9999.000,9999.000,9999.000,9999.000,9999.000,9999.000
202605102242,   2.162,   1.928,9999.000,9999.000,9999.000,9999.000,9999.000,9999.000,9999.000
202605102248,   2.120,   1.859,9999.000,9999.000,9999.000,9999.000,9999.000,9999.000,9999.000
202605102254,   2.078,   1.810,9999.000,9999.000,9999.000,9999.000,9999.000,9999.000,9999.000
202605102300,   2.035,   1.790,   0.400,  -0.645,   1.790,   0.300,   1.690,   0.400,   1.790
202605102306,   1.992,   1.758,9999.000,9999.000,9999.000,9999.000,9999.000,9999.000,9999.000
202605102312,   1.948,   1.718,9999.000,9999.000,9999.000,9999.000,9999.000,9999.000,9999.000
202605102318,   1.905,   1.649,9999.000,9999.000,9999.000,9999.000,9999.000,9999.000,9999.000
202605102324,   1.861,   1.600,9999.000,9999.000,9999.000,9999.000,9999.000,9999.000,9999.000
202605102330,   1.818,   1.571,9999.000,9999.000,9999.000,9999.000,9999.000,9999.000,9999.000
202605102336,   1.775,   1.518,9999.000,9999.000,9999.000,9999.000,9999.000,9999.000,9999.000
202605102342,   1.732,   1.469,9999.000,9999.000,9999.000,9999.000,9999.000,9999.000,9999.000
202605102348,   1.689,   1.410,9999.000,9999.000,9999.000,9999.000,9999.000,9999.000,9999.000
202605102354,   1.647,   1.400,9999.000,9999.000,9999.000,9999.000,9999.000,9999.000,9999.000
202605110000,   1.606,   1.361,   0.400,  -0.645,   1.361,   0.300,   1.261,   0.400,   1.361
202605110006,   1.565,   1.318,9999.000,9999.000,9999.000,9999.000,9999.000,9999.000,9999.000
202605110012,   1.525,   1.328,9999.000,9999.000,9999.000,9999.000,9999.000,9999.000,9999.000
202605110018,   1.486,   1.249,9999.000,9999.000,9999.000,9999.000,9999.000,9999.000,9999.000
202605110024,   1.448,   1.210,9999.000,9999.000,9999.000,9999.000,9999.000,9999.000,9999.000
202605110030,   1.411,   1.170,9999.000,9999.000,9999.000,9999.000,9999.000,9999.000,9999.000
202605110036,   1.375,   1.118,9999.000,9999.000,9999.000,9999.000,9999.000,9999.000,9999.000
202605110042,   1.341,   1.059,9999.000,9999.000,9999.000,9999.000,9999.000,9999.000,9999.000
202605110048,   1.308,   1.020,9999.000,9999.000,9999.000,9999.000,9999.000,9999.000,9999.000
202605110054,   1.277,   1.010,9999.000,9999.000,9999.000,9999.000,9999.000,9999.000,9999.000
202605110100,   1.247,   0.951,   0.400,  -0.696,   0.951,   0.300,   0.851,   0.400,   0.951
202605110106,   1.219,   0.918,9999.000,9999.000,9999.000,9999.000,9999.000,9999.000,9999.000
202605110112,   1.193,   0.961,9999.000,9999.000,9999.000,9999.000,9999.000,9999.000,9999.000
202605110118,   1.169,   1.010,9999.000,9999.000,9999.000,9999.000,9999.000,9999.000,9999.000
202605110124,   1.147,   0.970,9999.000,9999.000,9999.000,9999.000,9999.000,9999.000,9999.000
202605110130,   1.127,   0.961,9999.000,9999.000,9999.000,9999.000,9999.000,9999.000,9999.000
202605110136,   1.109,   0.908,9999.000,9999.000,9999.000,9999.000,9999.000,9999.000,9999.000
202605110142,   1.094,   0.879,9999.000,9999.000,9999.000,9999.000,9999.000,9999.000,9999.000
202605110148,   1.081,   0.879,9999.000,9999.000,9999.000,9999.000,9999.000,9999.000,9999.000
202605110154,   1.070,   0.898,9999.000,9999.000,9999.000,9999.000,9999.000,9999.000,9999.000
202605110200,   1.062,   0.928,   0.300,  -0.434,   0.928,   0.300,   0.928,   0.400,   1.028
202605110206,   1.057,   0.990,9999.000,9999.000,9999.000,9999.000,9999.000,9999.000,9999.000
202605110212,   1.055,   1.039,9999.000,9999.000,9999.000,9999.000,9999.000,9999.000,9999.000
202605110218,   1.055,   1.161,9999.000,9999.000,9999.000,9999.000,9999.000,9999.000,9999.000
202605110224,   1.059,   1.180,9999.000,9999.000,9999.000,9999.000,9999.000,9999.000,9999.000
202605110230,   1.065,   1.200,9999.000,9999.000,9999.000,9999.000,9999.000,9999.000,9999.000
202605110236,   1.075,   1.151,9999.000,9999.000,9999.000,9999.000,9999.000,9999.000,9999.000
202605110242,   1.088,   1.210,9999.000,9999.000,9999.000,9999.000,9999.000,9999.000,9999.000
202605110248,   1.105,   1.259,9999.000,9999.000,9999.000,9999.000,9999.000,9999.000,9999.000
202605110254,   1.125,   1.318,9999.000,9999.000,9999.000,9999.000,9999.000,9999.000,9999.000
202605110300,   1.149,   1.380,   0.300,  -0.069,   1.380,   0.300,   1.380,   0.300,   1.380
202605110306,   1.176,   1.439,9999.000,9999.000,9999.000,9999.000,9999.000,9999.000,9999.000
202605110312,   1.206,   1.479,9999.000,9999.000,9999.000,9999.000,9999.000,9999.000,9999.000
202605110318,   1.241,   1.548,9999.000,9999.000,9999.000,9999.000,9999.000,9999.000,9999.000
202605110324,   1.279,   1.748,9999.000,9999.000,9999.000,9999.000,9999.000,9999.000,9999.000
202605110330,   1.320,   1.800,9999.000,9999.000,9999.000,9999.000,9999.000,9999.000,9999.000
202605110336,   1.365,   1.748,9999.000,9999.000,9999.000,9999.000,9999.000,9999.000,9999.000
202605110342,   1.414,   1.800,9999.000,9999.000,9999.000,9999.000,9999.000,9999.000,9999.000
202605110348,   1.466,   1.840,9999.000,9999.000,9999.000,9999.000,9999.000,9999.000,9999.000
202605110354,   1.522,   1.928,9999.000,9999.000,9999.000,9999.000,9999.000,9999.000,9999.000
202605110400,   1.581,   2.000,   0.300,   0.119,   2.000,   0.300,   2.000,   0.300,   2.000
202605110406,   1.642,   2.069,9999.000,9999.000,9999.000,9999.000,9999.000,9999.000,9999.000
202605110412,   1.706,   2.118,9999.000,9999.000,9999.000,9999.000,9999.000,9999.000,9999.000
202605110418,   1.773,   2.299,9999.000,9999.000,9999.000,9999.000,9999.000,9999.000,9999.000
202605110424,   1.841,   2.348,9999.000,9999.000,9999.000,9999.000,9999.000,9999.000,9999.000
202605110430,   1.912,   2.410,9999.000,9999.000,9999.000,9999.000,9999.000,9999.000,9999.000
202605110436,   1.983,   2.358,9999.000,9999.000,9999.000,9999.000,9999.000,9999.000,9999.000
202605110442,   2.055,   2.430,9999.000,9999.000,9999.000,9999.000,9999.000,9999.000,9999.000
202605110448,   2.128,   2.499,9999.000,9999.000,9999.000,9999.000,9999.000,9999.000,9999.000
202605110454,   2.201,   2.528,9999.000,9999.000,9999.000,9999.000,9999.000,9999.000,9999.000
202605110500,   2.273,   2.597,   0.300,   0.024,   2.597,   0.300,   2.597,   0.300,   2.597
202605110506,   2.344,   2.640,9999.000,9999.000,9999.000,9999.000,9999.000,9999.000,9999.000
202605110512,   2.415,   2.728,9999.000,9999.000,9999.000,9999.000,9999.000,9999.000,9999.000
202605110518,   2.483,   2.768,9999.000,9999.000,9999.000,9999.000,9999.000,9999.000,9999.000
202605110524,   2.550,   2.988,9999.000,9999.000,9999.000,9999.000,9999.000,9999.000,9999.000
202605110530,   2.614,   3.030,9999.000,9999.000,9999.000,9999.000,9999.000,9999.000,9999.000
202605110536,   2.676,   2.988,9999.000,9999.000,9999.000,9999.000,9999.000,9999.000,9999.000
202605110542,   2.736,   3.040,9999.000,9999.000,9999.000,9999.000,9999.000,9999.000,9999.000
202605110548,   2.792,   3.109,9999.000,9999.000,9999.000,9999.000,9999.000,9999.000,9999.000
202605110554,   2.846,   3.178,9999.000,9999.000,9999.000,9999.000,9999.000,9999.000,9999.000
202605110600,   2.896,   3.197,   0.300,   0.001,   3.197,   0.300,   3.197,   0.300,   3.197
202605110606,   2.944,   3.270,9999.000,9999.000,9999.000,9999.000,9999.000,9999.000,9999.000
202605110612,   2.989,   3.348,9999.000,9999.000,9999.000,9999.000,9999.000,9999.000,9999.000
202605110618,   3.030,   3.378,9999.000,9999.000,9999.000,9999.000,9999.000,9999.000,9999.000
202605110624,   3.069,   3.558,9999.000,9999.000,9999.000,9999.000,9999.000,9999.000,9999.000
202605110630,   3.104,   3.598,9999.000,9999.000,9999.000,9999.000,9999.000,9999.000,9999.000
202605110636,   3.137,   3.548,9999.000,9999.000,9999.000,9999.000,9999.000,9999.000,9999.000
202605110642,   3.167,   3.607,9999.000,9999.000,9999.000,9999.000,9999.000,9999.000,9999.000
202605110648,   3.194,   3.680,9999.000,9999.000,9999.000,9999.000,9999.000,9999.000,9999.000
